61237
31473
70582
44350
51843
3600
4932
84943
87374
13116
77893
54086
68259
91589
23644
34153
90659
83892
10718
18353
42305
30787
89725
76625
75909
93624
14691
47937
627
7424
40346
37862
91653
19908
17224
23167
47413
41546
17049
19535
1719
76458
69076
19042
5603
81579
95311
4093
69264
89050
92127
40231
69788
55654
63335
13550
13768
56763
69489
93591
35552
96890
97819
33990
77369
21713
45577
99686
37459
24124
26329
83701
52957
56343
2899
39279
43287
45598
86974
95062
71315
71460
74992
28219
40757
16716
24862
78379
76122
75560
97553
67961
27924
85324
23738
17092
7507
98733
84412
77732
84864
49851
97607
45207
42403
68312
9957
36994
89700
66740
58253
74566
51086
57063
44214
13921
95055
11529
71493
89694
22109
34418
76807
69146
49907
10281
78618
97172
91064
94891
5605
95856
11552
25307
44520
62535
46540
34912
5679
13903
86285
78847
90464
27075
45766
8629
59027
63695
71087
88241
9953
79098
726
58861
88789
35791
44128
32935
36960
96906
16109
5664
90825
65948
57689
3152
28577
32987
50174
60099
55443
76138
58647
87828
3258
4096
76800
20165
74798
26743
70425
12760
81334
74867
65545
70797
7553
77324
39743
1081
34800
84090
92244
62111
23755
44573
89036
95981
16275
5510
43580
77238
24599
65350
2213
86343
46529
36401
34334
69737
28552
3181
41488
26706
49480
75965
9882
61255
44366
64965
41269
72658
39533
71737
81682
40476
71695
38566
43360
82696
28549
74941
47498
1836
14943
37847
7804
30732
40215
97386
88486
46773
99271
51879
58713
42995
85307
19884
95054
63919
29665
92621
28230
76200
44221
25754
7916
39180
61881
41452
41335
90708
66490
88146
98347
76122
65965
33587
56351
62263
69248
30463
34650
86845
19342
14487
663
28430
12786
60981
50023
98968
50813
49496
60277
66381
69698
54736
40420
79491
77998
58851
54741
87012
78453
82522
95877
32819
79047
44140
18931
39676
97474
62180
98335
33750
42529
33969
76462
76761
5586
8042
98730
17718
16422
42460
11367
14615
36449
89105
22368
22643
51409
28223
4575
46990
3451
87338
80219
52651
39120
3223
76892
16047
83871
61134
92282
72596
77573
38378
65635
68742
90655
35873
40572
48381
85280
64715
42111
45688
15358
13425
72482
28882
41766
43955
67384
28292
55920
22837
83953
73751
73741
25255
47293
77892
34108
82608
29326
73834
14781
886
89914
4426
4349
12717
42207
30050
60207
48826
48354
25797
29980
51586
50032
83892
26801
78676
76933
58939
86775
45839
99115
43850
62464
1073
93850
26702
90877
59006
42270
61132
1901
32361
18582
22457
22799
79682
82521
27673
30168
82396
35347
12978
70400
23417
75725
63372
97847
9909
85034
79559
4086
93100
2861
24377
83631
41673
45080
8259
23078
77900
6672
71950
41913
66550
32828
60775
44827
46004
10796
53493
89886
73510
855
9875
25902
52267
97500
36078
82779
22827
68650
50780
66255
5760
98075
90167
91326
11810
47003
33429
70138
36686
70630
40069
43878
96050
27407
51496
47203
40087
37918
34890
11494
62476
7377
95260
12874
94955
97763
3119
40098
22122
26985
29230
89543
98720
10745
28248
66223
95281
6694
95801
21663
68504
73030
89061
30295
33585
24148
59088
27051
56256
42673
41517
75443
50625
16134
23296
37880
59181
78212
22882
98670
54565
75789
43281
75265
47582
71467
64945
80264
66410
35805
31747
17623
46655
65011
49601
42800
22182
49807
34483
51193
42818
12971
38705
37096
10010
59225
87093
21371
19397
18821
61531
50373
84081
17175
4697
49443
2288
84533
28533
33324
44160
19525
11912
31046
92982
40016
51245
57206
88902
29539
96133
90735
67601
63790
51114
3532
73675
24495
48110
9400
11335
81705
74415
21098
99522
37485
69081
27791
67369
66683
54681
20064
1512
69154
5946
75026
28272
83427
5341
47820
98404
28372
28889
29906
41153
79360
5485
9536
25063
60331
13502
44083
2984
72788
63986
63842
25899
97011
83175
22090
94429
73441
60144
88902
6518
65527
45965
57629
81347
77935
98887
10166
48181
55463
91589
92838
53894
77348
63501
91242
69891
11410
64858
87472
62458
97418
70518
62864
80897
16940
46357
4600
23008
42284
12079
60100
55101
4297
65143
10189
21923
14040
41148
47448
14573
20127
91515
62831
83508
82814
17407
73421
3379
39784
47447
73363
87859
57422
53810
7096
36728
88989
42649
84925
33671
43518
29128
37853
99058
30171
67723
47139
15682
74530
74066
51895
7744
65121
53105
68625
85472
91473
44918
87118
12778
76912
14631
28863
62950
25766
74967
43806
10915
35081
54213
57500
35012
62460
12722
50678
16745
7602
54045
84774
57845
36657
53660
82550
8257
17105
51641
95855
53820
22595
57702
2831
7965
62926
30911
72953
45895
29941
52827
3399
46071
18645
12654
12474
59117
23914
12030
47442
64501
64081
64416
38713
76113
17480
42383
36057
16389
50834
8488
16462
63166
83223
60100
92150
20031
31304
30131
33861
80042
43775
20466
49749
16712
93380
29928
2747
76469
97005
99011
25461
83339
67997
77994
12991
63049
87853
56126
99428
46559
1353
69554
26930
99193
83665
68708
90470
46182
64415
50551
61671
90595
24456
90926
70863
77897
36347
67047
21571
37552
58663
95346
63299
55550
48282
77677
38941
94193
27683
73117
44860
1796
24505
59755
86238
21345
68085
23960
18980
26147
29081
72255
10690
3335
7028
2917
62358
39023
65694
2527
19957
64722
23005
27713
1985
228
97675
71902
1911
24669
33486
97473
90180
78856
21799
20711
97240
61162
59878
97174
93267
17741
32058
84254
15163
29097
91271
77611
34928
77550
46480
67556
3831
3472
27476
33059
14578
67758
99540
98801
52368
8001
67218
35582
15809
33246
29942
59033
87746
71049
56746
73234
72951
71222
39173
2986
83798
57724
40773
24595
78144
99897
11957
82794
18155
76796
17582
73965
73210
24179
72890
3610
86606
6001
91988
90662
2069
11387
25674
28791
84097
26928
93380
10495
14292
15379
98047
18613
24119
32246
70610
71505
1066
71205
72946
80132
96341
13420
6641
26034
71773
65317
42849
98445
81011
22754
30806
88399
35590
89843
77033
20788
69977
44853
31832
43633
67599
97144
22571
96501
67394
67115
16402
28346
12851
43205
11851
38664
43803
64658
17759
53351
64320
24569
41900
29918
95940
15207
63165
89933
70648
50874
44501
89795
33933
20683
55978
65597
71947
80088
50158
70012
72442
44781
73738
59138
10973
18255
28291
43976
55968
9604
