170
228
256
260
379
443
540
574
627
663
671
726
746
855
886
932
1028
1066
1073
1081
1221
1334
1336
1353
1368
1418
1512
1585
1613
1668
1719
1738
1788
1796
1836
1901
1911
1985
2069
2146
2200
2213
2288
2343
2527
2608
2698
2740
2747
2764
2831
2861
2899
2917
2919
2939
2984
2986
3119
3129
3152
3181
3223
3230
3241
3258
3277
3335
3356
3379
3399
3451
3472
3474
3532
3600
3610
3696
3823
3831
3988
4066
4086
4093
4096
4097
4281
4284
4297
4349
4426
4440
4530
4560
4575
4600
4697
4893
4932
4975
5053
5145
5321
5341
5363
5393
5485
5510
5565
5586
5588
5603
5605
5664
5679
5705
5724
5740
5746
5760
5773
5804
5871
5942
5946
5976
5979
6001
6057
6270
6432
6518
6641
6672
6694
6779
6943
6992
7028
7048
7096
7108
7132
7137
7169
7170
7184
7222
7339
7377
7424
7489
7504
7507
7553
7602
7659
7665
7726
7744
7804
7833
7916
7965
8001
8042
8113
8257
8259
8350
8406
8488
8494
8496
8580
8629
8667
8692
8806
8823
8961
9012
9061
9400
9428
9462
9536
9604
9641
9686
9757
9875
9882
9909
9925
9953
9957
10010
10155
10166
10189
10204
10281
10449
10495
10548
10568
10637
10690
10718
10745
10796
10915
10973
11026
11174
11205
11335
11367
11387
11410
11418
11483
11494
11499
11529
11552
11560
11567
11586
11718
11810
11851
11864
11909
11912
11957
11968
12030
12079
12097
12317
12467
12474
12480
12595
12654
12717
12722
12760
12778
12786
12851
12874
12971
12978
12990
12991
13116
13156
13215
13278
13322
13378
13382
13420
13425
13443
13502
13550
13768
13869
13885
13903
13921
14040
14065
14141
14292
14343
14375
14379
14487
14573
14578
14598
14615
14630
14631
14691
14755
14781
14822
14883
14891
14943
15157
15163
15207
15308
15308
15358
15379
15560
15606
15682
15809
15809
15872
15939
16000
16034
16047
16101
16109
16134
16213
16275
16362
16388
16389
16402
16422
16462
16557
16572
16664
16705
16711
16712
16716
16736
16745
16874
16940
17049
17092
17105
17175
17224
17359
17407
17425
17436
17446
17457
17480
17527
17582
17584
17623
17718
17741
17759
17783
17846
17858
17869
17919
17980
18091
18155
18255
18278
18353
18393
18516
18581
18582
18613
18636
18645
18821
18931
18963
18980
19042
19187
19323
19342
19397
19405
19427
19467
19525
19535
19537
19637
19818
19859
19884
19908
19957
20022
20031
20064
20127
20165
20267
20339
20357
20466
20478
20501
20683
20711
20788
20871
20909
21035
21095
21097
21098
21164
21249
21345
21371
21558
21571
21593
21663
21675
21713
21799
21923
21938
22072
22090
22109
22112
22122
22182
22330
22368
22457
22493
22563
22571
22595
22643
22686
22704
22734
22754
22799
22827
22837
22882
23005
23008
23022
23065
23078
23112
23124
23167
23173
23189
23191
23296
23397
23417
23497
23600
23634
23644
23693
23738
23755
23909
23914
23960
24119
24124
24148
24152
24179
24199
24243
24315
24377
24429
24456
24495
24505
24569
24595
24599
24601
24669
24862
24897
24941
24970
25063
25217
25255
25282
25307
25324
25351
25384
25433
25461
25525
25601
25674
25688
25754
25766
25787
25797
25899
25902
26034
26078
26147
26189
26329
26447
26484
26682
26702
26706
26715
26742
26743
26751
26760
26763
26801
26860
26891
26927
26928
26930
26985
27051
27075
27173
27186
27330
27343
27365
27407
27476
27479
27514
27543
27621
27673
27683
27713
27775
27791
27873
27924
28072
28104
28115
28120
28219
28221
28223
28230
28248
28272
28291
28292
28346
28372
28430
28435
28533
28549
28552
28577
28632
28697
28706
28791
28863
28882
28889
29081
29097
29128
29204
29230
29278
29279
29326
29327
29393
29474
29539
29576
29665
29859
29906
29918
29928
29941
29942
29952
29980
30050
30060
30105
30131
30168
30171
30189
30227
30260
30295
30378
30386
30463
30609
30688
30689
30721
30732
30772
30787
30806
30863
30868
30911
31023
31046
31284
31294
31304
31336
31462
31473
31479
31546
31575
31606
31680
31747
31832
31995
32058
32158
32246
32270
32361
32470
32520
32556
32819
32828
32872
32935
32987
33059
33126
33197
33246
33324
33375
33429
33459
33471
33486
33529
33585
33587
33649
33665
33671
33704
33750
33780
33861
33885
33933
33941
33969
33990
34046
34108
34109
34153
34292
34334
34418
34443
34483
34538
34589
34650
34800
34803
34890
34912
34928
35012
35081
35185
35224
35225
35259
35347
35421
35429
35525
35551
35552
35582
35590
35655
35665
35791
35805
35856
35873
36057
36078
36206
36215
36251
36307
36347
36401
36411
36423
36449
36657
36686
36690
36691
36728
36783
36831
36900
36943
36960
36994
37096
37105
37174
37178
37324
37404
37459
37485
37552
37566
37606
37651
37694
37779
37827
37847
37853
37862
37880
37911
37918
38211
38223
38378
38482
38566
38612
38648
38664
38664
38674
38705
38713
38794
38851
38897
38941
38971
39023
39120
39173
39180
39195
39279
39466
39533
39581
39634
39676
39743
39784
39891
39968
40016
40069
40087
40098
40215
40231
40293
40346
40420
40476
40546
40560
40572
40620
40639
40757
40773
40789
40812
40950
41020
41109
41148
41153
41269
41335
41410
41452
41463
41488
41517
41546
41629
41673
41688
41766
41811
41900
41910
41913
42111
42207
42270
42284
42305
42313
42369
42373
42383
42403
42460
42507
42529
42627
42646
42649
42673
42800
42818
42819
42849
42884
42929
42965
42995
43092
43192
43205
43205
43266
43281
43287
43360
43385
43451
43518
43548
43552
43580
43621
43633
43642
43651
43653
43737
43775
43803
43806
43850
43859
43878
43909
43955
43976
43992
43998
44051
44083
44128
44139
44140
44141
44160
44214
44221
44350
44366
44457
44501
44520
44573
44781
44818
44827
44853
44860
44918
44940
45080
45090
45124
45141
45181
45207
45210
45339
45364
45365
45435
45526
45577
45598
45598
45688
45743
45766
45839
45865
45865
45895
45965
46004
46055
46071
46071
46182
46201
46216
46305
46319
46345
46357
46365
46399
46480
46529
46540
46559
46566
46648
46655
46657
46692
46713
46773
46812
46990
47003
47086
47139
47195
47203
47293
47413
47413
47442
47447
47448
47498
47582
47654
47777
47820
47937
48071
48095
48110
48154
48181
48240
48261
48282
48354
48381
48384
48527
48574
48663
48729
48826
48904
48910
48953
49298
49300
49378
49402
49443
49480
49496
49601
49640
49706
49749
49807
49851
49907
49941
50023
50032
50158
50174
50373
50410
50551
50580
50625
50670
50678
50780
50813
50834
50874
50995
51086
51114
51193
51245
51303
51409
51496
51586
51609
51641
51756
51819
51843
51879
51895
52050
52127
52142
52160
52267
52276
52367
52368
52541
52645
52651
52820
52827
52830
52865
52886
52957
52975
53027
53089
53105
53283
53351
53470
53493
53545
53660
53810
53820
53894
53984
54019
54020
54027
54045
54086
54213
54454
54565
54582
54613
54656
54681
54736
54741
54797
54833
54971
55017
55034
55085
55101
55264
55329
55331
55365
55443
55463
55550
55592
55654
55679
55795
55825
55882
55902
55920
55968
55970
55978
56009
56046
56126
56191
56256
56343
56351
56404
56443
56694
56728
56731
56746
56763
56868
56893
57017
57063
57156
57206
57383
57422
57444
57484
57500
57561
57579
57629
57689
57702
57724
57760
57767
57789
57845
57849
58152
58207
58216
58253
58332
58506
58587
58647
58660
58663
58713
58798
58811
58851
58861
58939
58961
59006
59022
59023
59027
59033
59088
59099
59117
59138
59171
59181
59225
59286
59357
59360
59514
59702
59755
59820
59878
59889
59931
60018
60068
60093
60094
60099
60100
60100
60137
60144
60170
60172
60176
60207
60277
60331
60492
60554
60775
60981
61046
61132
61134
61162
61237
61238
61255
61285
61287
61349
61395
61523
61531
61611
61671
61834
61881
61902
61952
62111
62144
62180
62263
62322
62358
62458
62460
62464
62468
62476
62535
62706
62753
62804
62818
62831
62843
62864
62926
62950
63016
63045
63048
63049
63151
63165
63166
63292
63299
63305
63335
63372
63462
63501
63594
63599
63695
63707
63789
63790
63842
63900
63919
63925
63986
64012
64081
64146
64212
64320
64377
64415
64416
64501
64550
64576
64596
64658
64681
64715
64722
64803
64858
64888
64945
64965
65011
65092
65121
65143
65183
65188
65317
65350
65527
65545
65593
65597
65597
65618
65635
65692
65694
65701
65742
65814
65900
65948
65965
65981
66084
66223
66255
66283
66381
66410
66490
66536
66550
66683
66740
66778
66947
67031
67047
67077
67090
67115
67160
67218
67267
67320
67369
67384
67394
67447
67502
67508
67522
67550
67556
67599
67601
67722
67723
67758
67898
67961
67980
67991
67997
68000
68043
68085
68259
68312
68315
68504
68523
68593
68625
68650
68708
68742
68807
68857
68869
68908
68960
69052
69076
69078
69081
69146
69154
69158
69231
69248
69264
69449
69489
69554
69565
69596
69651
69680
69698
69737
69788
69888
69891
69900
69921
69933
69942
69977
70012
70021
70028
70129
70138
70332
70400
70418
70425
70494
70518
70567
70582
70604
70610
70630
70648
70650
70662
70797
70805
70862
70863
70877
70918
70945
70991
71049
71087
71197
71205
71222
71315
71337
71460
71467
71493
71505
71575
71695
71737
71773
71799
71802
71844
71902
71920
71947
71950
72060
72255
72380
72442
72482
72504
72576
72585
72596
72625
72635
72658
72717
72721
72731
72736
72738
72788
72809
72863
72890
72946
72951
72953
72964
73030
73117
73128
73134
73169
73210
73234
73263
73363
73364
73421
73441
73489
73510
73585
73675
73683
73738
73741
73751
73785
73834
73875
73965
74021
74021
74066
74199
74229
74259
74364
74415
74485
74530
74566
74617
74625
74640
74687
74798
74867
74941
74967
74992
75026
75055
75061
75163
75265
75267
75309
75443
75496
75560
75600
75655
75692
75725
75758
75789
75909
75952
75965
76113
76122
76122
76138
76200
76302
76447
76458
76462
76469
76609
76610
76625
76761
76796
76800
76807
76892
76910
76912
76933
76966
77033
77059
77062
77167
77238
77324
77348
77369
77432
77460
77550
77556
77573
77611
77640
77677
77702
77732
77745
77759
77892
77893
77897
77900
77902
77909
77935
77954
77994
77998
78003
78144
78185
78212
78348
78379
78453
78618
78676
78792
78847
78856
79047
79096
79098
79360
79491
79555
79559
79682
79683
79794
79800
80030
80042
80088
80132
80219
80264
80377
80413
80438
80710
80726
80897
80934
80968
81011
81141
81334
81347
81376
81457
81545
81579
81682
81705
81765
82087
82233
82249
82282
82311
82396
82413
82464
82495
82521
82522
82550
82608
82625
82696
82766
82779
82794
82814
82830
82947
82958
82972
83052
83102
83175
83223
83317
83339
83344
83363
83427
83456
83508
83631
83665
83695
83701
83708
83733
83798
83817
83871
83879
83892
83892
83913
83953
84040
84081
84090
84097
84108
84111
84127
84218
84223
84230
84254
84412
84429
84533
84674
84774
84864
84925
84943
85034
85081
85251
85280
85307
85324
85472
85501
85691
85703
85843
85930
86064
86188
86195
86238
86269
86285
86343
86481
86606
86607
86712
86766
86775
86784
86845
86869
86878
86922
86974
87006
87012
87093
87118
87121
87126
87307
87338
87360
87374
87472
87583
87637
87746
87807
87816
87819
87828
87853
87859
87911
88022
88027
88146
88241
88352
88387
88399
88486
88552
88621
88657
88729
88789
88902
88902
88928
88975
88989
89027
89036
89050
89061
89077
89105
89110
89146
89536
89543
89694
89699
89700
89725
89795
89843
89886
89914
89922
89933
90167
90180
90192
90252
90391
90454
90464
90470
90567
90595
90655
90659
90662
90684
90708
90735
90792
90825
90877
90925
90926
91064
91073
91104
91242
91271
91282
91291
91326
91352
91435
91464
91473
91515
91526
91556
91573
91589
91589
91653
91657
91722
91727
91763
91848
91857
91884
91988
92012
92071
92098
92127
92150
92244
92282
92515
92554
92621
92677
92687
92790
92838
92879
92955
92982
93038
93100
93125
93267
93318
93358
93380
93380
93389
93428
93591
93620
93624
93669
93789
93850
93901
94139
94193
94198
94289
94349
94429
94689
94831
94836
94862
94891
94910
94955
95046
95054
95055
95062
95150
95260
95281
95311
95346
95445
95466
95477
95573
95774
95801
95803
95855
95856
95877
95940
95981
96033
96050
96080
96131
96133
96168
96171
96208
96341
96407
96415
96425
96438
96501
96513
96516
96679
96783
96890
96906
97005
97011
97144
97172
97174
97195
97240
97290
97386
97395
97418
97440
97443
97473
97474
97500
97507
97553
97569
97607
97637
97675
97730
97763
97819
97847
97881
97918
98012
98047
98055
98075
98335
98347
98404
98445
98670
98720
98730
98733
98801
98839
98866
98887
98968
99011
99058
99115
99154
99192
99193
99228
99271
99356
99419
99428
99522
99540
99686
99734
99793
99882
99897
99976
99999
