65618
89536
11567
14822
74687
19405
54833
52160
20478
37324
77702
18516
7048
13443
41629
37827
49300
57579
69596
65597
96438
64681
25433
92677
45865
57484
49640
97569
90567
13378
3823
68960
73364
92790
33941
84040
99419
13322
18393
95803
35856
26189
55902
43909
40789
57017
932
1221
24152
96171
23634
25525
64377
64576
70991
86712
39466
71337
42929
61952
94831
66283
25324
22072
46692
74229
69900
38612
26078
87807
12990
10548
85930
47195
32520
52975
72625
38971
48953
96033
9757
55679
31995
30227
89077
43192
23397
42884
1028
48574
44141
70129
56728
7659
56443
37606
87911
21938
41688
91073
68523
671
61285
82495
76302
24429
80968
48261
7169
34046
27330
23693
64550
55034
99228
97195
13869
82087
72863
92955
94139
69888
7170
99882
61287
40950
86878
34589
6943
68000
3230
94689
48071
16736
4530
8496
42369
77460
89027
98012
28104
65814
15809
1788
88022
83344
17527
59889
69158
40639
91104
12467
50580
29859
78003
46365
83456
12480
22330
17425
35185
33780
62753
96425
90454
95445
78185
379
58216
80934
70332
91848
21035
94198
19323
17858
86195
21558
44818
72504
55331
91573
55085
35551
35665
45210
97637
45598
70918
37404
19187
7222
25217
7137
70021
68908
62843
37105
82766
75061
63045
31479
90391
5565
84429
93620
34803
28115
6432
17919
7665
95477
83817
22493
67722
28435
91352
23065
8667
55970
69565
72736
67980
16000
9012
58811
52142
26751
72635
49706
57156
68593
70877
43642
25688
94862
37779
92515
4975
71844
74625
55264
32470
36251
69052
61611
68315
54019
11499
67508
82233
39581
68043
53470
20267
13156
64012
37911
12097
54582
35225
27186
96208
97730
83317
77059
57444
6992
72576
87126
86481
14375
89146
21164
68807
58207
43998
85843
60068
58660
96783
31680
15939
85251
19537
90252
98866
3988
86766
77640
24897
54020
74617
46399
54454
80030
83695
25351
29278
59702
80377
49378
37694
5746
95150
71799
57383
42965
59286
83913
58152
21097
72585
73585
33885
82311
49941
82972
84230
47654
56191
43651
49298
84127
7489
59171
59514
21593
87121
97881
55882
70805
72738
7132
71802
35224
19427
80438
39195
2608
93318
54656
5804
68869
72060
73785
26860
87006
6779
79555
16874
72717
55329
59931
51609
4440
11026
37651
48095
43205
35421
1613
30189
4097
67550
5942
29576
17869
83708
63292
11205
81765
91282
93038
29204
93358
14891
75055
41811
72380
14630
99734
45124
13885
48154
11909
28697
13382
39634
14755
42507
23191
33529
64888
81545
33197
94289
74021
82830
42373
80413
22686
54027
73128
33375
93125
72964
48663
65692
260
46071
34292
54971
83879
17846
97290
18636
74259
26742
36411
43653
57767
82464
66084
96168
75758
65092
36206
256
34109
8494
52820
24970
36783
58961
92012
17457
24315
96415
30868
91857
23022
59099
2939
14141
14379
9925
63305
93789
3356
26484
44139
36943
91763
82947
84223
3277
47777
2146
46648
63151
38674
93389
91727
70567
97443
57849
80710
34443
89922
30378
26682
48240
53089
38851
74021
77745
89110
74485
70604
30863
1585
5976
5740
62706
70650
96407
74364
65742
16711
35429
13215
82625
99192
76910
91464
1368
27343
3241
2698
60018
59023
60137
5979
46812
7184
55795
27173
58587
85691
60554
56009
23112
28072
55365
17584
81141
79794
84674
88975
48910
62804
18963
1334
63707
89699
71575
77909
69921
98055
36900
19467
53545
31606
39968
54797
16664
92687
52367
86064
85501
96080
92071
73683
82282
19637
99999
87307
67898
22734
76966
86188
75600
443
4560
72721
97440
11718
92554
91657
96679
60093
86607
6270
93428
91435
97395
64803
34538
62322
41020
43737
94910
33704
10449
8350
45339
21675
10155
44051
67077
21249
88552
25384
66778
40560
32158
17446
64212
31575
44940
1336
30060
21095
40620
17783
85081
28706
52645
81457
63925
47086
56893
15157
81376
45526
65900
574
70494
60094
70028
49402
75163
15872
78348
23189
63599
38664
14883
2343
52541
15560
70945
20022
86869
5145
46657
23497
68857
48527
11483
26891
28221
27479
8823
38648
36423
60176
99356
46055
8406
96131
31462
5588
59360
30688
45141
6057
5363
15606
11586
55592
540
17359
5773
11864
33126
11174
55825
45865
88027
14598
7833
61349
8806
48384
59820
69942
28120
63016
62468
56046
46345
16557
45181
80726
41463
36691
66536
74199
1418
45743
77759
29279
67320
97918
24243
3696
67267
16034
76609
51819
22112
31546
66947
23124
64596
57789
67522
77954
67031
19859
91722
93669
27514
75952
9462
94836
1668
32270
60170
43859
79096
70662
87583
52830
12595
50410
67160
52276
5393
29474
2740
43266
29327
27873
71197
86922
7339
38211
5053
29393
51303
27621
69680
4066
10637
8961
45364
92098
60492
20357
16572
33649
25601
92879
16101
46201
8113
2919
87360
67447
3474
24601
73134
88387
5321
93901
95466
86269
61902
27365
76447
9686
94349
99154
11418
2200
35525
39891
91291
73875
33459
51756
43621
65701
69449
33471
45365
40293
67991
44457
26447
90925
18091
56731
50995
33665
83733
20339
26927
88928
22563
98839
77902
18278
15308
7726
50670
72731
99976
35259
5871
17980
63900
36215
11560
7108
8692
82249
61523
42646
32872
65188
31336
61834
16705
4893
87816
38482
87637
75496
23600
14343
88621
82958
69933
47413
63048
63789
67502
62144
4281
15308
41109
73169
75692
46713
78792
46305
95046
62818
8580
88352
5705
32556
14065
25282
61046
36307
90192
10568
20909
83102
22704
77062
30609
31294
29952
37174
35655
53283
86784
30105
43548
26715
7504
9061
91526
46216
16362
73263
97507
59357
87819
41910
37566
16213
84108
58506
74640
77167
84111
27543
45090
38794
20501
52050
88657
3129
83052
95774
746
42819
63462
25787
18581
43451
23909
24941
69231
56694
64146
96516
38223
70862
91884
82413
19818
67090
13278
56404
99793
20871
55017
77556
79800
43552
52865
65981
30386
95573
9428
30689
43992
42627
56868
45435
90792
57760
61238
10204
1738
48729
53027
31284
58798
63594
2764
88729
73489
43385
170
52886
36831
46319
79683
69651
70418
43092
65593
12317
77432
46566
17436
61395
36690
54613
11968
60172
57561
52127
72809
85703
4284
75267
40546
38897
91556
16388
59022
75309
28632
90684
69078
83363
58332
37178
53984
26760
30260
84218
30721
23173
24199
65183
9641
75655
27775
31023
5724
41410
40812
26763
96513
76610
48904
42313
30772
71920
